0 150
1 425
2 374
3 392
4 388
5 380
6 382
7 394
8 383
9 383
10 389
11 397
12 374
13 397
14 384
15 400
16 383
17 398
18 372
19 388
20 393
21 391
22 385
23 409
24 394
25 401
26 385
27 401
28 380
29 390
30 387
31 388
32 389
33 399
34 389
35 398
36 384
37 383
38 440
39 396
40 379
41 384
42 385
43 388
44 383
45 389
46 389
47 390
48 397
49 388
50 404
51 410
52 398
53 391
54 389
55 387
56 394
57 452
58 388
59 492
60 395
61 400
62 405
63 389
64 391
65 406
66 389
67 404
68 421
69 394
70 397
71 385
72 386
73 396
74 398
75 400
76 392
77 394
78 386
79 392
80 427
81 402
82 427
83 410
84 401
85 389
86 446
87 407
88 396
89 478
90 470
91 400
92 391
93 400
94 389
95 389
96 392
97 407
98 406
99 461
100 408
