0 43
1 53
2 49
3 41
4 48
5 56
6 48
7 56
8 55
9 55
10 56
11 55
12 53
13 55
14 57
15 57
16 54
17 62
18 61
19 61
20 60
21 67
22 64
23 67
24 65
25 69
26 70
27 70
28 73
29 74
30 75
31 78
32 74
33 70
34 86
35 79
36 82
37 81
38 79
39 78
40 82
41 84
42 84
43 87
44 85
45 87
46 87
47 90
48 91
49 92
50 100
51 92
52 98
53 96
54 100
55 98
56 98
57 103
58 102
59 101
60 106
61 107
62 107
63 105
64 110
65 109
66 112
67 110
68 115
69 118
70 118
71 115
72 119
73 121
74 122
75 123
76 125
77 125
78 127
79 128
80 128
81 130
82 130
83 127
84 165
85 136
86 136
87 136
88 136
89 135
90 138
91 137
92 139
93 144
94 140
95 142
96 146
97 146
98 146
99 149
100 143
